11988582455
21970559020
21970559020
11944801469
11946549993
11911235940
11989986471
11981005518
11932171157
11960250682
21964283388
11992061897
11966932277
21993355456
11939011969
11986410853
21979283954
21976580789
11951317787
11980737842
21997245635
21996800620
11997097866
11910202472
11967018913
11942937623
11962389807
21997580370
11988444323
11947749578
11965844046
11973511652
21968365005
11976214207
11947497375
21995958673
21981201024
11941557493
21980902961
11984842007
21980404660
11989529960
11977679251
21994301852
11983862025
21984108981
11994648040
11993702728
21960894206
21981718605
11971941012
11954926109
21985420840
11972335651
11952713866
11963756394
11969242620
21982465347
11985299022
21984038282
21982516355
21996023903
21994455343
11997721874
11982480074
11944403430
21972206768
21971892905
21999700838
21981867806
21994306780
21964646330
21980756869
21998265617
21995393309
21983579662
21981003530
21998309843
11989780466
11986369674
85988136528
85988422168
85989256188
85989371283
85988125998
85997984450
85999474476
85998609034
11972000275
21993444602
11944724805
11969384120
11947200364
11996463483
11970674149
11915200847
11980513346
11965462185
11972883688